Error using pause
Operation terminated by user

Error in plot_time (line 12)
    pause(0.1);
 

preds_filtered =

       118.96       82.039
       116.32       74.541
       115.48       56.385
       115.02       49.084
       139.23       52.115
       146.41       45.084
       142.12        30.06
        141.7       20.251
       116.88       8.8133
       111.38       7.4533
       120.97       6.0777
       117.14       6.1013
       117.76      -6.2776
       131.86       1.7389
       114.39       17.525
       111.47       25.779
       58.159       23.479
       207.08       57.222
       199.29       58.865
       174.62       35.088
       206.61       25.913
       266.42       44.031
       250.29       36.726
       239.28       33.731
       269.26       30.322
       274.44       21.965
       306.19       23.761
       274.81       24.078
       285.78       9.5805
       295.36       10.122
       307.78       18.384
       310.21       17.505
       306.06       21.357
       317.36       16.772
       323.02       4.0047
       329.66       4.7026
       325.04      -4.2211
       298.93       5.4893
       301.53      -2.1893
       285.87      -9.0458
       298.95      -5.6861
       288.83      -1.0749
        298.5      -4.4955
       294.18       -11.14
        280.7      -19.857
       293.78      -17.273
       298.49      -28.549
       311.95      -25.055
       314.01      -16.726
       311.64      -16.833
       308.65      -15.876
       305.07      -7.2104
       300.29       1.3705
       332.73      -4.0653
       329.62      -14.678
       317.33       -19.52
       312.35      -15.261
       304.31      -15.631
       316.11      -6.0502
       287.01      -4.6656
       310.08      -12.441
       316.22      -8.8443
       269.95      -3.0784
       305.18      -25.405
       331.85       -17.01
       330.07       -14.49
        342.8      -17.483
       354.69      -16.986
       361.18      -20.027
       384.24      -16.463
       391.81      -8.2054
       399.55      -13.786
       420.58      -28.959
       442.49      -16.276
       462.23       -3.841
       454.02      0.98831
       473.73      -6.4774
        475.8       -13.15
          481      -10.117
       471.64      -0.6442
       484.97       3.6353
       494.98       3.0984
       470.85      -0.2471
       484.77       1.2712
       539.46       28.158
       568.28       33.546
       577.19       23.109
       588.86       19.513
       599.65       20.776
       565.36       6.0251
       596.04      -5.4529
       598.11      -17.614
       605.06      -18.255
          621      -22.095
       588.12      -10.878
       591.48     -0.77426
       579.18       8.2978
       549.64       16.243
       556.12       18.149
       545.57       16.036
       534.31       15.718
       563.66       18.073
       498.62       18.606
       531.46       16.341
       518.65       12.832
       508.91       16.125
       498.45        13.36
        506.6       23.877
       510.18       16.267
       507.02        29.41
       516.13       17.567
       506.16       20.142
       508.46       9.1831
       526.29       8.2062
       527.61       6.3275
       524.07       4.0431
       532.33       14.421
       542.56       10.985
       552.57      -2.9248
        562.3      -8.8512
       585.54      -12.496
       578.77      -5.0512
       570.18      -10.081
       560.39      -25.429
       548.57      -24.445
       572.34      -18.756
       580.15      -14.084
       580.96      -26.411
       593.45      -20.128
       586.19      -18.749
       587.32      -10.402
       543.92      -20.229
       551.18      -11.644
       552.52      -18.162
       543.71      -13.194
       540.18      -21.564
        551.1      -15.343
        534.6       -22.29
       563.36      -22.328
        515.6      -5.8306
       515.88       5.8286
       459.38       19.704
       489.08       10.964
       505.76       8.6756
       485.63       8.9067
       512.58      -5.1209
       522.67      -5.9573
       538.78      -12.498
       522.47      -31.852
        531.4      -32.508
       524.12      -10.237
       518.59      -14.965
       513.81      -4.1004
       496.57      -19.165
       518.16      -17.733
       609.82       7.1677
        581.6        1.819
       571.51       5.3549
       572.73       8.0146
       568.96       6.8632
       578.51      -4.4604
       572.78      0.81739
       596.76      -16.152
       626.54      0.73118
       589.68      -20.587
       553.39       -26.88
       550.66      -24.032
       552.11       -22.31
       572.85      -10.377
       554.26      -13.219
        537.8      -14.589
       560.12      -5.8331
       546.08      0.93196
       542.33     -0.06318
       524.19       2.7854
        519.9      -2.1477
       518.81       6.0585
       513.93       12.659
        521.2        14.02
       495.36       15.991
        523.1       15.824
       489.57     -0.82334
       482.04      -8.7482
       501.48      -14.616
       508.34       -18.39
       497.05      -14.027
       504.06      -15.062
       516.76      -1.9316
       501.43      -5.0352
       577.93        8.722
       600.82       4.1054
       621.78      0.45511
       573.46      -6.9663
       620.45      -9.1162
       620.59      -16.851
       645.49      -20.799
       653.49       -34.23
       667.23      -43.824
       654.32      -31.274
          671      -29.731
       705.25      -25.363
        667.1      -11.742
       675.55      -8.7176
       638.56      -14.874
       632.63      -18.534
       642.59      -15.397
       655.41       -12.19
       633.14      -3.4222
       671.45       23.139
       670.73       22.884
        696.7       9.8804
       681.74       11.651
       706.41       17.514
       683.48       6.3622
       683.68       6.2855
       660.72      -11.821
        674.8      -1.7959
       690.13       4.1482
        687.1        6.214
       683.77       8.7769
       695.72       10.938
       695.86       3.3499
       706.17       9.5809
       717.42       11.498
       622.92       10.272
       632.52       8.4342
       600.11       11.603
       606.85       14.399
       609.01       20.392
       607.62       19.334
       620.89       3.9864
       644.64      -2.4804
       642.99       -6.032
       650.81      -14.965
       632.16      -19.308
       624.05      -20.194
       626.95      -7.7031
       619.69       2.3567
       596.48       18.454
       590.32       14.401
       534.13       33.603
       542.41       32.269
       503.54       29.941
       484.32       17.635
       486.07       15.374
       485.41       21.007
       462.01       21.677
       463.59       17.769
       457.97       10.726
       451.94       1.9297
       495.45       -6.128
       511.86       -5.305
        518.2       15.829
       530.76      -2.1612
       525.08      -5.4174
       540.27      -8.0665
       555.03      -30.268
        417.6      -25.687
       508.82      -33.076
       527.67      -11.425
       528.54      -10.074
       517.62      -18.584
       514.51      -27.218
          395      -16.559
       499.03      -25.601
       494.73      -33.476
       501.07      -38.231
          535      -32.898
       544.17      -31.633
       548.02      -25.689
       408.24       12.919
       508.57       7.1627
       529.52       11.731
       491.05       18.123
        502.6       25.759
       542.08       24.072
       559.54       25.325
       568.75       26.744
       593.95       30.308
        473.6       25.746
       551.75       22.416
        576.3       40.506
       601.79       23.794
        610.1       16.103
       638.86       14.963
       658.66         12.9
        691.5       10.271
       684.06       5.9172
       689.56       2.8367
       726.52       1.1583
       712.06       1.1869
       704.33          3.6
